0 147
1 97
2 81
3 241
4 56
5 139
6 95
7 64
8 91
9 96
10 66
11 91
12 216
13 120
14 134
15 155
16 191
17 151
18 126
19 160
20 116
21 204
22 78
23 84
24 108
25 119
26 185
27 31
28 174
29 125
30 216
31 56
32 244
33 104
34 103
35 173
36 152
37 102
38 80
39 105
40 85
41 129
42 194
43 57
44 196
45 77
46 112
47 54
48 65
49 106
50 147
51 204
52 102
53 250
54 33
55 70
56 426
57 188
58 152
59 71
60 65
61 155
62 283
63 68
64 56
65 178
66 157
67 95
68 87
69 78
70 200
71 126
72 57
73 165
74 151
75 112
76 50
77 70
78 45
79 111
80 173
81 58
82 49
83 222
84 131
85 178
86 147
87 58
88 125
89 109
90 134
91 87
92 47
93 117
94 43
95 83
96 124
97 55
98 125
99 93
100 301
101 41
102 97
103 242
104 200
105 158
106 96
107 103
108 95
109 204
110 226
111 77
112 148
113 159
114 97
115 71
116 131
117 148
118 172
119 70
120 136
121 228
122 26
123 83
124 57
125 27
126 125
127 61
128 213
129 63
130 233
131 59
132 134
133 43
134 160
135 199
136 219
137 188
138 245
139 298
140 75
141 198
142 133
143 123
144 40
145 76
146 163
147 106
148 60
149 72
