0 131
1 81
2 65
3 225
4 40
5 123
6 79
7 48
8 75
9 80
10 50
11 75
12 200
13 104
14 118
15 139
16 175
17 135
18 110
19 144
20 100
21 188
22 62
23 68
24 92
25 103
26 169
27 15
28 158
29 109
30 200
31 40
32 228
33 88
34 87
35 157
36 136
37 86
38 64
39 89
40 69
41 113
42 178
43 41
44 180
45 61
46 96
47 38
48 49
49 90
50 131
51 188
52 86
53 234
54 17
55 54
56 410
57 172
58 136
59 55
60 49
61 139
62 267
63 52
64 40
65 162
66 141
67 79
68 71
69 62
70 184
71 110
72 41
73 149
74 135
75 96
76 34
77 54
78 29
79 95
80 157
81 42
82 33
83 206
84 115
85 162
86 131
87 42
88 109
89 93
90 118
91 71
92 31
93 101
94 27
95 67
96 108
97 39
98 109
99 77
100 285
101 25
102 81
103 226
104 184
105 142
106 80
107 87
108 79
109 188
110 210
111 61
112 132
113 143
114 81
115 55
116 115
117 132
118 156
119 54
120 120
121 212
122 10
123 67
124 41
125 11
126 109
127 45
128 197
129 47
130 217
131 43
132 118
133 27
134 144
135 183
136 203
137 172
138 229
139 282
140 59
141 182
142 117
143 107
144 24
145 60
146 147
147 90
148 44
149 56
